1 2 1 100 0
1 2 1 200 0
1 2 1 300 0
1 2 1 400 0
1 3 1 100 0
1 3 1 200 0
1 3 1 300 0
1 3 1 400 0
1 4 1 100 0
1 4 1 200 0
1 4 1 300 0
1 4 1 400 0
1 5 1 100 0
1 5 1 200 0
1 5 1 300 0
1 5 1 400 0
1 10 1 100 0
1 10 1 200 0
1 10 1 300 0
1 10 1 400 0
1 15 1 100 0
1 15 1 200 0
1 15 1 300 0
1 15 1 400 0
1 20 1 100 0
1 20 1 200 0
1 20 1 300 0
1 20 1 400 0
1 40 1 100 0
1 40 1 200 0
1 40 1 300 0
1 40 1 400 0
1 80 1 100 0
1 80 1 200 0
1 80 1 300 0
1 80 1 400 0
2 2 1 100 0
2 2 1 200 0
2 2 1 300 0
2 2 1 400 0
2 3 1 100 0
2 3 1 200 0
2 3 1 300 0
2 3 1 400 0 
2 4 1 100 0
2 4 1 200 0
2 4 1 300 0 
2 4 1 400 0
2 5 1 100 0
2 5 1 200 0
2 5 1 300 0
2 5 1 400 0
2 10 1 100 0
2 10 1 200 0
2 10 1 300 0
2 10 1 400 0
2 15 1 100 0
2 15 1 200 0
2 15 1 300 0
2 15 1 400 0
2 20 1 100 0
2 20 1 200 0
2 20 1 300 0
2 20 1 400 0
2 40 1 100 0
2 40 1 200 0
2 40 1 300 0
2 40 1 400 0
2 80 1 100 0
2 80 1 200 0
2 80 1 300 0
2 80 1 400 0
4 10 1 100 0
4 10 1 200 0
4 10 1 300 0
4 10 1 400 0
4 15 1 100 0
4 15 1 200 0
4 15 1 300 0
4 15 1 400 0
4 20 1 100 0
4 20 1 200 0
4 20 1 300 0
4 20 1 400 0
4 40 1 100 0
4 40 1 200 0
4 40 1 300 0
4 40 1 400 0
4 80 1 100 0
4 80 1 200 0
4 80 1 300 0
4 80 1 400 0
8 10 1 100 0
8 10 1 200 0
8 10 1 300 0
8 10 1 400 0
8 15 1 100 0
8 15 1 200 0
8 15 1 300 0
8 15 1 400 0
8 20 1 100 0
8 20 1 200 0
8 20 1 300 0
8 20 1 400 0
8 40 1 100 0
8 40 1 200 0
8 40 1 300 0
8 40 1 400 0
8 80 1 100 0
8 80 1 200 0
8 80 1 300 0
8 80 1 400 0
16 20 1 100 0
16 20 1 200 0
16 20 1 300 0
16 20 1 400 0
16 40 1 100 0
16 40 1 200 0
16 40 1 300 0
16 40 1 400 0
16 80 1 100 0
16 80 1 200 0
16 80 1 300 0
16 80 1 400 0
