1 2 1 1000 1
1 2 1 2000 1
1 2 1 3000 1
1 2 1 4000 1
1 3 1 1000 1
1 3 1 2000 1
1 3 1 3000 1
1 3 1 4000 1
1 4 1 1000 1
1 4 1 2000 1
1 4 1 3000 1
1 4 1 4000 1
1 5 1 1000 1
1 5 1 2000 1
1 5 1 3000 1
1 5 1 4000 1
1 10 1 1000 1
1 10 1 2000 1
1 10 1 3000 1
1 10 1 4000 1
1 15 1 1000 1
1 15 1 2000 1
1 15 1 3000 1
1 15 1 4000 1
1 20 1 1000 1
1 20 1 2000 1
1 20 1 3000 1
1 20 1 4000 1
1 40 1 1000 1
1 40 1 2000 1
1 40 1 3000 1
1 40 1 4000 1
1 80 1 1000 1
1 80 1 2000 1
1 80 1 3000 1
1 80 1 4000 1
2 2 1 1000 1
2 2 1 2000 1
2 2 1 3000 1
2 2 1 4000 1
2 3 1 1000 1
2 3 1 2000 1
2 3 1 3000 1
2 3 1 4000 1 
2 4 1 1000 1
2 4 1 2000 1
2 4 1 3000 1 
2 4 1 4000 1
2 5 1 1000 1
2 5 1 2000 1
2 5 1 3000 1
2 5 1 4000 1
2 10 1 1000 1
2 10 1 2000 1
2 10 1 3000 1
2 10 1 4000 1
2 15 1 1000 1
2 15 1 2000 1
2 15 1 3000 1
2 15 1 4000 1
2 20 1 1000 1
2 20 1 2000 1
2 20 1 3000 1
2 20 1 4000 1
2 40 1 1000 1
2 40 1 2000 1
2 40 1 3000 1
2 40 1 4000 1
2 80 1 1000 1
2 80 1 2000 1
2 80 1 3000 1
2 80 1 4000 1
4 10 1 1000 1
4 10 1 2000 1
4 10 1 3000 1
4 10 1 4000 1
4 15 1 1000 1
4 15 1 2000 1
4 15 1 3000 1
4 15 1 4000 1
4 20 1 1000 1
4 20 1 2000 1
4 20 1 3000 1
4 20 1 4000 1
4 40 1 1000 1
4 40 1 2000 1
4 40 1 3000 1
4 40 1 4000 1
4 80 1 1000 1
4 80 1 2000 1
4 80 1 3000 1
4 80 1 4000 1
8 10 1 1000 1
8 10 1 2000 1
8 10 1 3000 1
8 10 1 4000 1
8 15 1 1000 1
8 15 1 2000 1
8 15 1 3000 1
8 15 1 4000 1
8 20 1 1000 1
8 20 1 2000 1
8 20 1 3000 1
8 20 1 4000 1
8 40 1 1000 1
8 40 1 2000 1
8 40 1 3000 1
8 40 1 4000 1
8 80 1 1000 1
8 80 1 2000 1
8 80 1 3000 1
8 80 1 4000 1
16 20 1 1000 1
16 20 1 2000 1
16 20 1 3000 1
16 20 1 4000 1
16 40 1 1000 1
16 40 1 2000 1
16 40 1 3000 1
16 40 1 4000 1
16 80 1 1000 1
16 80 1 2000 1
16 80 1 3000 1
16 80 1 4000 1
